Arcadia 34.109104 -118.0175 12345 
Azusa 34.14266 -117.918976 23456 
Brentwood 34.0466 -118.48555 74678 
Catalina 33.340096 -118.3297 12950 
Cerritos 33.88281 -118.10476 23445 
Lakewood 33.832603 -118.154564 16934 
Lancaster 34.671448 -118.12288 98674 
Norwalk 33.90611 -118.05546 49589 
Palos 33.7576 -118.388245 34232 
Pico 34.01431 -118.065 84839 
RioHondo 33.953598 -118.14455 34553 
SanGabriel 34.104507 -118.09486 93848 
SantaAnita 34.135555 -118.03151 12321 
SouthGate 33.94476 -118.182335 1244 
Covina 34.054855 -117.88766 58458 
RanchoPalosVerdes 33.73907 -118.39819 32145 
Carson 33.856678 -118.27133 24454 
Valencia 34.40347 -118.58491 58587 
VanNuys 34.190113 -118.490166 94838 
SanDimas 34.083233 -117.83059 9877 
LongBeach 33.838066 -118.19569 23847 
LosAngeles 33.959606 -118.4126 74747 
Whittier 33.984035 -118.074 63643 
Rosemead 34.051495 -118.0791 85675 
HaciendaHeights 34.02527 -117.98964 85854 
